 &plot nbnd=   8, nks=    41 /
            0.500000  0.500000  0.500000
   -3.497   -0.832    4.899    4.899    7.586    9.434    9.434   13.810
            0.450000  0.450000  0.450000
   -3.628   -0.639    4.917    4.917    7.606    9.454    9.454   13.840
            0.400000  0.400000  0.400000
   -3.941   -0.143    4.970    4.970    7.668    9.507    9.507   13.917
            0.350000  0.350000  0.350000
   -4.313    0.533    5.059    5.059    7.769    9.574    9.574   13.957
            0.300000  0.300000  0.300000
   -4.678    1.319    5.182    5.182    7.908    9.618    9.618   13.653
            0.250000  0.250000  0.250000
   -5.008    2.180    5.335    5.335    8.078    9.586    9.586   12.916
            0.200000  0.200000  0.200000
   -5.287    3.091    5.514    5.514    8.270    9.441    9.441   12.045
            0.150000  0.150000  0.150000
   -5.509    4.027    5.707    5.707    8.467    9.202    9.202   11.144
            0.100000  0.100000  0.100000
   -5.670    4.943    5.892    5.892    8.634    8.936    8.936   10.273
            0.050000  0.050000  0.050000
   -5.767    5.730    6.034    6.034    8.699    8.727    8.727    9.573
            0.000000  0.000000  0.000000
   -5.800    6.089    6.089    6.089    8.647    8.647    8.647    9.323
            0.000000  0.100000  0.000000
   -5.756    5.803    5.915    5.915    8.543    8.874    8.874    9.598
            0.000000  0.200000  0.000000
   -5.626    5.139    5.519    5.519    8.272    9.429    9.429   10.166
            0.000000  0.300000  0.000000
   -5.411    4.325    5.061    5.061    7.920   10.149   10.149   10.433
            0.000000  0.400000  0.000000
   -5.111    3.456    4.617    4.617    7.558    9.960   10.955   10.955
            0.000000  0.500000  0.000000
   -4.728    2.567    4.219    4.219    7.230    9.225   11.810   11.810
            0.000000  0.600000  0.000000
   -4.265    1.675    3.882    3.882    6.965    8.517   12.698   12.698
            0.000000  0.700000  0.000000
   -3.726    0.791    3.614    3.614    6.781    7.908   13.611   13.611
            0.000000  0.800000  0.000000
   -3.114   -0.072    3.421    3.421    6.689    7.422   14.541   14.541
            0.000000  0.900000  0.000000
   -2.435   -0.905    3.304    3.304    6.700    7.060   15.465   15.465
            0.000000  1.000000  0.000000
   -1.696   -1.696    3.264    3.264    6.822    6.822   16.098   16.098
            0.100000  1.000000  0.000000
   -1.682   -1.682    3.142    3.142    7.054    7.054   15.663   15.663
            0.200000  1.000000  0.000000
   -1.644   -1.644    2.863    2.863    7.665    7.665   14.525   14.525
            0.300000  1.000000  0.000000
   -1.595   -1.595    2.569    2.569    8.519    8.519   13.240   13.240
            0.400000  1.000000  0.000000
   -1.553   -1.553    2.358    2.358    9.519    9.519   11.982   11.982
            0.500000  1.000000  0.000000
   -1.537   -1.537    2.282    2.282   10.363   10.363   11.053   11.053
            0.550000  0.950000  0.000000
   -1.743   -1.346    2.126    2.513    9.666   10.404   11.407   11.443
            0.600000  0.900000  0.000000
   -1.903   -1.223    2.001    2.846    8.809   10.339   11.931   12.118
            0.650000  0.850000  0.000000
   -2.018   -1.153    1.911    3.224    8.061   10.271   12.510   12.849
            0.700000  0.800000  0.000000
   -2.087   -1.120    1.856    3.551    7.517   10.226   13.099   13.607
            0.750000  0.750000  0.000000
   -2.110   -1.110    1.838    3.687    7.310   10.211   13.510   14.053
            0.675000  0.675000  0.000000
   -2.518   -0.707    1.723    3.963    7.628   11.725   12.622   13.183
            0.600000  0.600000  0.000000
   -3.037   -0.203    1.872    4.290    8.003   11.808   12.120   12.872
            0.525000  0.525000  0.000000
   -3.593    0.402    2.225    4.650    8.402   11.079   11.425   12.328
            0.450000  0.450000  0.000000
   -4.133    1.104    2.726    5.016    8.770   10.440   10.771   11.937
            0.375000  0.375000  0.000000
   -4.619    1.899    3.333    5.359    9.026    9.895   10.199   11.743
            0.300000  0.300000  0.000000
   -5.034    2.779    4.010    5.646    9.111    9.447    9.713   11.691
            0.225000  0.225000  0.000000
   -5.365    3.730    4.713    5.859    9.063    9.098    9.308   11.426
            0.150000  0.150000  0.000000
   -5.605    4.716    5.375    5.995    8.847    8.957    8.980   10.607
            0.075000  0.075000  0.000000
   -5.751    5.630    5.886    6.067    8.697    8.742    8.809    9.690
            0.000000  0.000000  0.000000
   -5.800    6.089    6.089    6.089    8.647    8.647    8.647    9.323
